0 391 518 515 608
0 352 316 399 351
0 56 481 157 539
0 323 377 386 410
0 267 313 308 339
0 456 309 512 335
0 495 284 522 302
0 557 333 604 371
0 667 292 700 314
0 944 372 1181 598
0 60 442 152 503
0 432 298 470 328
0 1223 397 1246 445
0 330 303 369 328
0 655 275 682 297
0 700 303 731 333
0 72 399 155 449
0 471 282 496 300
0 727 292 759 315
0 1048 364 1154 488
0 726 249 747 266
0 609 355 661 390
0 733 273 758 295
0 934 326 971 367
0 253 326 273 349
0 708 247 739 271
0 711 262 732 277
0 536 273 558 303
0 520 259 554 283
