0 172 401 263 462
0 388 306 430 339
0 521 351 580 393
0 589 366 651 410
0 147 374 223 433
0 31 415 117 471
0 982 330 1029 364
0 356 298 396 322
0 691 314 727 348
0 511 281 535 295
0 277 613 446 718
0 461 292 489 317
0 720 298 755 323
0 732 272 759 299
0 385 352 431 378
0 283 310 332 335
0 699 253 718 269
0 484 300 511 321
0 933 369 1185 641
0 501 300 535 316
0 711 263 732 281
0 587 267 610 282
0 703 250 731 274
0 731 264 758 283
0 488 291 512 307
0 509 290 536 304
0 491 280 511 294
0 723 250 745 269
0 648 300 680 324
0 647 279 678 304
