0 205 391 305 445
0 58 409 144 459
0 400 302 441 334
0 506 357 569 404
0 167 364 246 421
0 581 372 647 419
0 687 319 729 355
0 367 296 402 321
0 469 288 497 313
0 293 308 338 334
0 719 302 754 327
0 493 295 518 316
0 938 373 1185 598
0 1225 454 1280 510
0 641 301 674 329
0 511 293 543 310
0 641 282 673 306
0 730 276 758 300
0 591 266 613 282
0 517 281 540 295
0 709 269 731 285
0 698 256 715 268
0 234 655 409 717
0 495 286 520 302
0 709 246 736 269
0 1255 414 1278 462
0 710 259 732 277
0 496 280 519 292
0 731 264 758 284
