0 40 410 128 466
0 187 396 261 454
0 515 351 576 398
0 221 412 296 454
0 392 306 434 337
0 586 367 650 413
0 156 373 230 427
0 464 289 494 316
0 689 315 729 350
0 259 630 430 719
0 488 294 513 318
0 361 295 399 321
0 506 298 536 316
0 512 280 537 296
0 731 275 759 299
0 719 301 755 325
0 1213 451 1274 522
0 936 369 1179 626
0 288 309 335 334
0 699 254 718 268
0 587 265 611 282
0 711 268 731 283
0 510 291 539 304
0 709 257 728 276
0 705 247 732 269
0 723 250 745 268
0 731 265 758 283
0 983 332 1030 366
0 491 288 516 304
0 646 298 678 326
