0 126 416 214 478
0 340 567 480 668
0 371 312 418 344
0 473 303 523 328
0 448 294 480 322
0 116 384 188 444
0 947 381 1188 612
0 503 281 530 298
0 142 446 228 498
0 344 300 381 326
0 1180 426 1222 482
0 694 310 729 340
0 358 362 410 395
0 277 312 321 336
0 539 343 592 382
0 732 270 759 295
0 722 298 756 319
0 1235 385 1256 447
0 598 357 653 401
0 707 247 735 270
0 702 253 718 268
0 482 282 507 297
0 713 265 733 280
0 476 296 507 311
0 726 249 746 267
0 732 260 756 278
0 657 299 691 319
0 525 259 552 284
0 978 329 1022 361
