0 182 429 262 477
0 11 422 103 477
0 306 591 460 699
0 151 407 224 472
0 382 309 425 342
0 374 354 429 391
0 455 292 485 320
0 530 347 586 388
0 480 297 530 325
0 135 380 202 432
0 940 374 1187 623
0 349 299 390 325
0 720 298 756 321
0 981 328 1026 363
0 732 273 760 298
0 700 252 718 268
0 508 282 534 296
0 277 309 326 335
0 1188 432 1253 502
0 692 312 729 344
0 705 248 734 273
0 721 249 745 269
0 591 363 652 407
0 731 265 758 282
0 712 262 733 280
0 502 292 535 313
0 715 245 736 261
0 751 250 769 267
